10
18 21
8
8
13 16
15
15 8
5
1
11 18
16
9 14
2
1
13
4
17
17 16
10
15 14
3 12
12 11
9
31 8
1 10 2
22 25 5 3
25 3
26 19 13
16 29 27
16
1 8 31
1
13 29
1
1
8 5
8
4
7 2
8
3
10 9
6
13
11
7
11
11
9 7
5
12
3
1
1
10
4 6
13
6
4
5
6
6
15 14
9
11
7 2
15
15 9
6
11 15
10
3
4 7
11
2
12
14
10 22
2
6
8
4
9
2
10
5
4
9
1
9
9
8
7
4
4
10
6
1
10
7
14 7
7
2
7
10
3
6 9
13
27 16
25
23
17
13
8 13 16
24
25 12
16
24
22 18
16
3 9
27 10
8
8 13 26
12 23 22
8 18
7
7
5
3
1
1
6
4
8
5
4
1
7
7
2
2
4
2
19 24
19 13
16
3 7
18
4 18
15 4
3 15
17 4
6
13 10
10
9
16
2 13
5 16
19 13
17 13
17
10
14
13
10 5
16
18
14 9
1
5
7 1
10
5
9
1 4
12 2
5
