100
88 91
36 2
67 29
46 75 52
4 52 71 21 11 69 1 44 9
78 71 51 23 44 4 88 66
55 59
32 74 9
11 30 22 38
1 66 71
52 51 86
36
85 18 7 83 61 74 82
5 48 73 10
58 82 2 45 88 87
23 88 35 69 84 87 8 57 5
37 65 36 44 59
29
21 9 76 5 83 43
76 20 59 75
28 74
63 30 53 61 13 22 41 31 34
66 53
49 58 16 70 66 4 50 36
64 88 17
50 11 62 4
41 33
29 54 88 60 87 17 37 52
86 85 60 43 38 39 68
60 44 73 53 34 63 26 21
13 61 75 60 1 40 36
76 73
32 46 37 4 64
42 43 60 78 86 20 27 29
52 49
65 85 44 36 62 59
9 73 35 57 1 66 78 38
53 88 63 8 35
69 54 7 58 60 35
30 75 55 49 86 4 84 69 13
15 45 44 56 35
13 63 56 75 70 2
27 31
33 65 53 43 59 58 29 1 83
5
71 81 9 61 37 52 28 47
16 22 52
67
79 5 60 72 38 36
56 70
85 71 40 87 51
45
13 17 79 41 20
37 36
88 13 29 68
1 27
12 39 86 58
58 16 76 32 66 81 20
68 74 85 64 87 33 75
9
22 37 42 15 13 69 45
83 18 82
52 9 43 83 50 11
69 55 2 30 52
29 60 51 13 68 2 34
43 24
23 44 29
62 86
25 70 66 83 31
41 75 19 17 70 83 21 22
85 23 43 77
66 81 64 22 57 59 19
59 1 58 53 7 45 70 82
88 10 20 58 6 37 79
9 77 56 85
34 77 5
74 37 1 69
59 45 85
51 18 68 44 56 67 29 76 37
88 3 48 72
15 68 21 24 32 1 54 18
30 62 40 88
37 87
30 42 88 85 21 28 48
38 47 35 61
2 51 73
75 17 86
10 34
71 74 21 88 86
43 27
42 23 57 46 71 1 59
11
31 99
13 29
30
1 7 24
21 6 16
9 28
11 14
9 2
16 2 25
4
9
24 20 26
18 29 22
25
12 8
21 4 5
18 19 6 17
22 18
27
10 3
3 22
31
25
28 2 17
14
28 1 29
17 3
27 22 12
16 28 9
12 9
19
11
29 5
14 10
7 4 21
5
12 19
6 15
15
22 11
8 21
13 6 30
16 27 26
8 4 15
6 5
10 20
26 7 24
14
22
13
10
3
8 30
21
5 15 2
30
11 3
18 22 9
27 1
9 3
10
14 19
16 8
14 15
6
24 5
22 15 31
3 16 10
26 5
13
11 20
26 2 6
15
28 26
3 1 11
3 31 14
29 2
13 12
7 14 6
23 15
10
6
15 20
9 13 18
13 26
13
17 28 23
15 2
12 6 8
24 30
29 8 2
21
19 15
31 1 2
26
22
19 7
2
29
11 6
103 20
92 19 36 27 95 41
19 94 66 70 39 38 100
95 48 63 64 42 22 25 5 49 98
56 82 4 44
39 71
99 35 47
17 14 44 55 71 7 51 67 101
26 81 57 67 22 12 17 29 68 15
28 52 71 98
86 49 43 92 66 76 32 37
58 87 7 75 102
53 75 36 94 52 48
80 32 42
59
98
89 81 39 48 69 21 17 57
75 61 90 46 59 15 30
26 101 59 52 97 90 10 1 65 19
55 24
94 72
57 36
16 33 26
44 33 38 49 36
37 22 33 47
33
27 6 50 19 41 17
41 45 21 33
41 8 22 15 33
2 8
9
1
24 33 50 41 8
11
15 45 13
24 13 34 4
24
11 45 18 3 35
27
12 44 30 52 19
35 27 44 45
17 48
48 31 55
34 2 6 36
10 53 30
30 56 12
26 55
20
40 55 18 42
32
49
8 22
6 14
12 49 2 37
48 6 33 46 14
9 50 22 8 47
8 6 29 25 13 45
50 2 54 6 49
69 47
53 37 3
10 27 44
47
16 18
2 41 28 25
51 38 54
13 45 38
51 30 59 46 21 42
23 38 63 20 13 69
67 55 69 27
67 52 23 49 20 48 43
23
63 44
52 21
65 44 24 33
14
8 51 14 33 7
60 3
42
58 32 4
34 66 13 67
23 50 31 25
6 19
53 33 64 60 54
64
60 54 33 69 66 58
68 32 30
28 13 1 39
21
31 36 45 49 14 29 52
59 7 26 53 66
8 30
4 58 15 2 21 5
68 45
5 65 28 35 31 3
15 2 8 63 32 14
15 51
63 51 61 37
46 10 30 60
49 58
36 62 24
67 54 37 23 39 38 30
69 43 22 55
27 48 45 18 55 15 63
15 24 48 63 53 7 30
30 63 14 54 36
39 65 26
48 77
10 16
31 37 43 29 45
38 19 4
27 17
30 47 48 6 40
39 36 11 18 32
18 29 12
12 11 10
21 38 13 11 27
14 5 9 46
7
48 12
14
39 41
23 17 5 19
47 30 22 8 45
13 9
8 39 2
16 47
22 10
1 13 9
4 1
42 33 41
28 40
18
5 28
30 16 3 20 17
3 15
40 36 8 21 44
40 44 14 33 28
12
14 20 9
40 4 23
19 41 9
7 27 17 16
24 3
44 47 19
10 1 35 38
46
20 33 37
25 40
45
46
12 20 48
35 18 6 11 31
46
13 46 20 18
17 46
18
21 42 41 6
8 43
27 42 40
27 35 37
38 2 25
47 44
34
1 40 46
29
11
28 29 22
24
17 5
11
14
12
27 29
23 32 15
1 7
19 35 38 29
33 9 5
34
37 18 16 46 28
11 30 33
24 29 22 14 13
32 29 43 15
29 20
4 21 20 24 43
37 95
32 9 6
1
1
22 1
28 25 2
35 23 22 36
27 37 22 29
25 31
3
14
10 19
26 5 28
26 29
31 18
6
28 4
18 19 14
1
17 24
33 37 8 6
36 9 37 4
3 10 4
3 36 18 9
23 27 3 36
24 15 21
26
24 33 14 19
22
13 9
37 27 32
25
26 19
15 20 1 18
2 10
26 35
12
24
17 23 26
31
7 35 19
1 9 12
21 4 16 13
34 31
21 25 23 34
12 20
20 14
8 21 32 5
29
5 37 17
20
17 32 28 4
27 6
23 18
20 31 23
30 31 15 3
19 31 3 24
34
27
19 37 11 25
2 14
16 14 19
33 27
28
13 22
31 34
24 37 31
33 36 5 29
15 16
32 7 31
20
7 30
27
35 17 20
10
15 34 8 6
3 4
32 16 25
10 32 34
21 4
22
5
24 2 19 12
34 23 18 4
36 22 9
16 18 36
5
34
5 26
23 10 34 8
30 9
26 20 2
5 19 4
17
34 1 3
14 20
65 95
6 13 12 50 27
29
57 31 27
9 11 63 32 12 10 47
9 57
7 15 3 12 56 5
63 17 7 49 43 18 12
11
63 37 45 8 48
40 61 53 21 10
12 63 4 26 2 16 18
13
22 20
1 39 11 7 52 56 6
36 14 7
55 2
10 14 62 23 13 1 48
18 3
30 21
51 21 42 25 33
13 24 55 35 59
44
59
6 5 60 27 7
12
24 16
55 36 16 41
57 2 26 43 14 49
50 44 39 30
35 12 58 41 8
3 15 16 36 26 31 13
3 28
59 22 58 21 64 8
33
47 9 24 31 45 35
20 43 21
59 23 39
50 6 43 2
8
4 29 53 24 62 27
56 10 7 15 42 51 65
30
29 23 45
56
10 33 30
42 25
5 14 44
10 7 32 1
40 17
25 2 58 31 32 15
56 61 63 46 24 9
56 26
17 48 64 30 26 34
34 2 41 49 57
65 61 37 32 29
28 19 46 27 2 6
17 63 60 10
42 10
4 43 21 37 44
22 21 57 65 54 36 17
16 35 5
36 11 54 10 7
26
10 7 53 55 29
35 27 47
20 46 14 8 19 2
41 19 60
62 33 58 9 21
15
29 64 35
53 26 1 13
29 61 52 48 42 1
62 4 15 37 23 12
21 44
30 1
46 24
47 58 19 34 18
49 14 50
1 35 22 3 28
8 45
30 56 10 53 34 23
34 41
57 22 45 51 43 16 5
64 19 50 44 21 1 25
20 32 28 11 64
21 51
45 4 21 20 2 13
47 65 20 64 5
64 25
42
27 44 6 10 64
39 9 35 56
22 43 12 25
33 27 13 11 10 14 30
18
94 52
50
57 20 38
68 13 60 3 43 33 73 52
14 71 62 22 52 2 69 63 43
14 30 85 91 40 46 28 86 83
85
66 87 69
65 52 18
29 12
12 39 33 6 34 7
47 36 10 44 7 49 21 35 40
67
61 38 23
93 19 43 55 47 54 84
77 89 57
13 10 50 22 79 83 3 5 49
39 21 30 31 84 52 91
2 15
83 87 41 7 76 65
2 27 3 15 62 52 72 40 64
20
72 40 93 8
76 5 69 77 19 56
12 3 19 67 17 21 25 45 61 28
68 24 4 88 87 7 59 85 15
66 19 46 74 63
71
9 5 25 7 48 45 32 92
50 26
71 26 19 6 45 11 13
1 27 80 92
57 72 39 64 74 19 4 78
11 57 19 68 55
23 12 50 25 37 69
81 79 69 22
1 33
71 90 12 15
17 59 88 27 33 4 83 77 3
37 25 81 19 76 23 87
36 71 12 83
38 21
14 16 86 54 32
45
35 9 55
18 58 92
14 10 4 89 32 90 93 69
12 8 60 51 49 78 11 81 86
38 26 21 92 74 55 3 24 1
27 21
23 53 68 47 27 55 58
88 50 21 68 33 57 80
43 23 75
10 9
3
5
5
7
7
8
5
7
6
16 31
11
1
14
11 14
11
13
16
14
9
8 5
10
6
4
13
11
7
7 5
2
7
9 3
8 11
1 3
8
7
9
6 13
2 3
8
4
13 10
15 16
91 11
3 59 57 47
80 76 73 60
18
17 14 51 23
85
6 19 77 90 63
23 14
79 63 33 81 30 52 90 64 4
8 63 43 79
59
57 44 21 13 2 26
7 32
1
3
5
6
5
3
3
3
3
7
5
5
4
6
4
1
4
1
5
7
2
1
4
3
5
3
5
4
6
6
7
3
45 75
43 12
18 36
14 38
39
23 3 38
1 15 32
34 26 45 9
44
33 45
30
1 42
18 32 5 38
19 38 14 4
6 33 41 27 26
22 6 39 30
44
3
17 33 11 36 41
29 8 34 14 33
27 36 21
31 23 27 11
4 24
40
8 9 42 6
36 23 41
26 36 16 40
29 27 12 10
39 10 17
27 40 8 5 4
44
11 2
35 37 15 24
27 39 41 20
23 31 38
31
18
6
3
11 13
16 38 40
23 29
37 20
39 8 38 34 27
18 19 20
12 35 5
2 11 30
28 4 44
41 38 21 18 28
17 9 34 24
12 15 30 38
17 4 37 29 30
1 21 15 35
20 32 14
2 3 16 18 43
41 37 5 7
34
8
9 44
1
10 28 12 44 7
30 34 13 43
21 7 10 38
3 40
7
14
14
15 23 26
30 23 33
42 31
35 22 14
26
22
10 22 4 12
5 18
25 27 38
21 37
2
3 16
9 17
8
17 9
6 20
13 2
19
12
18
7 17 1
17 2
17
16 4
9
9 3
17
11 13
2 14
21 2
1
5 7
6 19
5
21 20
1 21
12 8
17 1 19
14
7
3
3
4
13 9
18
11
3
23 21
5
9
20 16
18 5
15
17 16
10
4
17 20
5 7
3
5
17 23
19 8
15
20 3
3 18
19 4
22 1 18
17 9
16 9 23
52 6
49 8 29 15 7 41
16 47
32 7
31 19 46 3
18 42
9 33 41
13 52
6
8
9
5 6
13
1
5
13
4
1
13
3
11
12
2
6
7
10
8 4
7
8
7
13
9
2
9 6
3
10
10
6 4
1 7
1
10
10
3 10
8
9 5
12
2
6
11
8
3
2
3 8
3
3 11
3
7
8
3
13 1
51 91
8 42 50 49
11 28 33 42
48 2
22 15
49 6 47 4
35 6 26 32 45 33
5 40
3
6 39
38 20
50
29 13
43 17 8 23
11 22
42 6
22 24 1 32 2
6 30
12 17 37
10 14 47
42 33 36
49
30 34
51 2 43
21 14 27
19 3 35
32 33 10 22 44
31
1
47 33 40
4
6
7 31 13 50
33
10 28
12
2 17 42 36
34 42 17 39
21 9
9 36 26 14 16
20 46 49 18
4 3 11
7
40 33 38
18
38 8 15 51 23
33 45 43 42
30 6
49
27 16 2 30 43 12
49
22
19 26 22 17
29 5
25 13 18 44
8 37 7
15 4
41 44 39 36
1 7 48 11 25 22
15 34 9 19
8 31
25
18
14
24
42 38 35 4 44
30
34 26 10 32 47 42
4 24 14 47 5
6 29
48 38 14
35
42
13 45 24 6 21
5
1 39 9
29 24 27
45 31
50 9 34 20
21 20
25 35 48
3 20
23 46
25 20 7 41 35
38 35 24 31
32 3
39 22 41 8 15
6 50
16 1 33 6
28 24 46 21 30
10
9 48 22 7
26 68
14 25 6
21 5 6
25 18 4
1
10
7
19
16 10 15
6 2
14 11
12
8 19 22
23
26
20 4 6
9 18 2
19 22
10 6
25
4 18
17 26 11
7 5
10 1
10 25
15
5
23 9 13
4 1
11
1
9 20 24
19 10 17
14 3 9
20 14
10
10 8
20 22
23 15
2
8 10
6
2 15
3
5
18 24
8
19
14
20
24
3
20 14
10 22 6
3 18
17 20 25
25 14 13
23 22 2
24 15
17 21
23 26
16
4 26
12
12 3
3 25
25 23
13
26 8 24
62 29
10 42 33 14 30 2
29 54 21 34
26 30 61 3
3 9 49 16 61 39 60
48 30 25
8
9 47
22 14 46 55 43
12 4 37 39
37
3 45 22 18
58 14 1 42 43
43 48 37
31 19 6 44 2
22 37 8 32 40 44 19
43 61 1 58 38
9 38 35 49 60 13
35 61 1 53
44
1 2 25 8 33 62
38 40 5 17 18 4
13 39
20
43 6
55
43 54 38 32
18 22 58 19 44 1
43 51 24 18 54
35 55 54 46
53 32
34
43 14 34 27 29
48
53 45 9 39 11 46
12 17 8 33 46
46 37 33 42 43 17
23 42 12 15 22
22 9 11 21
35
47 45 53
36 49
47 20
18 3
50 24 19
45 20 33 3 14
19 35 42 30
28
10 53
42 13 16 37
41 3
6
38 2 7 36
52 34 37
47
20 29
28 10 12 17
11 29 39 23 24 1
11 35 21 16
5 50
40
34 53 37
46 1 33 53
9 32
3
8
7
7
2
4
1
4
3
3
5
6
4
1
2
9
3
3
7
3
3
2
5
9
4
3
1
2
6
9
8
9
101 54
54 34 27 67 11 72 100 85
61 63 52 69 4 12 70 88 93
97 33 40 95
94 88 59 10 32 101 29 31
95 7 63
91 13 18 53 30 87 56 41 64 95
93 56 54
15 94 24 1
100 99
27 28
87
36 79 91 14
42 44 47 63 50 77 52 43 98 10
16 41 78 9 64 44 26
41 8 54 69 82 39 83
58 96 44 66 38 56 94 88 31
96 94
59 76
1 84 89 45 75 15
48 68 18 95 72 52
54 76 70 97 6 74 17 99
14 8 20 6 94 44
18 45 29 5 55 69 19 4 15
89 8 23 5 49 42
18 3 51 91 19
15 32
34 4 82 78 50 99 88 45 3
12
77 94 5 64 67 27 35 15 34
99 36 30 54 20 44 68 52
67 21 78 9
76 62 80 44 34 92 97
50
39 15 26 73 29 59 52 93 60 47 45
56 78 97 52 10 16 29 18
70 46 30 12 79 87
54
74 93 49 99
44 23 47
48 93 80 26
56 88
65 69 59 49 19 94 60
71 3
77 57 33 15 14 47 13 43 90 1
24 14 47 2 6 60 23 93 90
61 13 68 45 5 93
75 95 56 16 54 31
100 9 72
76 60 78 89 5 45 94 30 67
18 86 11 97 55 101
78
3 32 90 18 51 86 47 49
84 36 68 8 12 55 79 22 14 89
92 39 75 88 57 95 87
65 66
4 17 11 52 31 58 2
61
30
52
57 65
62 36
61 36
2 46 42 50
38 43 53 59 63 29
55 32 34
35 63 55 21 10 47
20 43 58
41 28 7 44 8
29 1 22 6 53
2 53 30 27 42 64 62
33 61 20 56
3
25 48
1
35 7 1
56 31 46 15 37
16 38 23 45
1
65 31 13 60 53
2
17 27 37 23 29 61
37 64 38 27 29 18
2 55 58 41 12
42 13 17 43
29 37 32 33 41
49 4 62
32
65 3 58 37 31 23
11 25 46 3 65 58
43 7 59 20
22 59 20 57 34 43
37 39 46 5
46 9 27 19
50 10 51 11 58
12 50 30 57 58 23
45 47
64
39 41 14 12
62 16
44 24 13 62 65 64
50
1 38
52 5 13
27 26 25 10 31
49 7 1
18 19 59 34 5 37 35
17 45 29 19 50 33
65 13 52
38 63 57
47 63 46 18 17 39 53
12 46 41
41 57 28 22 9
6 42 65 7 56
33 28 50 27 25 24
13 43 41
30 61 1 13 36 49
29 13 11 50 23 52
1 53 57 42 33 21
61 46 59
5 9
45 61 29 42 62 43 14
11 41
4
8
7
2
7
9
3
1
4
11
4
10
2
2
9
8
4
11
1
8
5
10
8
7 9
6
1
7
2
4
8
10
7
3
1
9
3
4
9
5
9
3
36 103
12 21 32 34
23 8
28 7 4 33
17 16
26 1 12 33
3
11 2 5
5
1
16 21
29 19
16 5 22 35
21
33 21
13 32 17
14 17
15
22
5 23
36 23 10 28
24
1 8 25
25 9
21
30
20 10
13 26 10
7
7 27 34 21
36 31 33
34 19 1
7 16 10
25 30 20 19
20 8 29
14 3 19 20
25 10
10 35
20 11 17
11
16
10 27 31
26 29
9 36 15
13 33 3
10 28
36 17 35
36 9 35
34 26
29 31 22 19
21 24 17
33
36 33 25 32
1 5
21 20 2
25 1 24 23
21 28 8 13
29 11 35
14
4 14
28
21
30 23 29
24 28
25
4 20 16 31
28 33 35
8 7
31 21
34 14 13
22
13 31
21 24 23 28
27
23 10 1
17 9
31 27
2
31 2 29
15
29
17 5
32 25 14
32 17 24 4
34 1
22
4 28 11
14 21 2
29
26 21 27 22
17
9 30
4 27
36 10
33 26 2
35 21
9 5 2
6 23 2
12 2
14
24
14 34 24
4 32 13 9
15 6
12 15
1
12
5
3
6
5
1
5
1
2
11
8
9 1
3
4
25 69
3 21
5 13
1 2
24 9
10 19
5
24 16
18 12
24
22 17
13 11
8 4
14 16 18
19 6
4 22
22 25 4
23 20
15
13
2 10
18
19 13 7
13 20 16
11
13
14
24 11
4
8
11 24 7
16 10 7
4 17 12
4 8
11
17 23
5 8 21
19 24
1 24
2
3
17 11
20 16
11
1
10 9
4
24
8 19 25
20
4 20
7
5
17 15 16
6 25
9 25 13
10 14
11 14 24
21 20
24 16
4 10
10 19
2 8
13
2 11
3 24 20
12 18
1 19 16
15 10 23
24
80 20
62 45 53
48 70 69 67 2 37 8
41 71 31 34
36 62 31
50 36 40 49 63 51 79 31
21 12 62 73 79 14 19
47 8 55 78 48
61 2 53 16 15 3 6 64
77 64 53 79 62 3 16
46 29 58 44
72
58 38
64 68 21
48 54 33 15 21 67 52
57
68 61 46 1 15
35 60
12 56 51 35 22
25 75 43 12 15 23
21 7
49 85
48 47 33 8 42
7 34
36
24 8
25
23 6 43 22
26 41 38 3 42
19
10 15 39 7 47
5
8 38
48 6 8 13
46 35 43 39
36
3 29
49 38 41
3 6 34 14
35
27 47 16
45 21
7 39
3 24
41
45 12 38 29
38 17 25 28
35 18 37
3 11 19 6 26
1 3 2
41 13
15 22
1 17
44 1 6
22 35 15 45
32 37
40 47
45 29 14 1
20 13 27 32
46 9 36
30
46 30
33 2 8
46 32 30 39 48
41 33 20
2 25
22
37 9 19 34
10 36 3
37 33 1
39 9
41 45
30
26 21 32 1 46
26 7 16 18
29 36 28 2 46
5 24
42
25 31 42
27 38 48 7 37
33 24 30
13 6 35
23 29 13 15
14 16
23 44 40
23 15
16
28 4
40
38 23 19 7 37
41 20 7
32 21 42
41
24 35 18
8 38 1 23 49
31 14 23 26
1
30
37
4 12
29 49
21 1 35 48 29
22 23
10 23 6 9
42 27
18 38 40 23
46 10
61 18
27 1 23 13 5
52 51 37 4 26 58
47 56 7
16 23
2 14 58
52 23 40 47
22 30 61 54
26 51
18
7 45 26
33 23 35
38 57 10 39 11
12
28
50 1 14 18 61 35
13 2
18
30 25 4
72 55
23 13
4 35 57 70
22 8 32 37 44
23 27 9 7 48 39 31
33 42 7 66 41 40
47 68 11 60 31 30 38
27 22
51 54 32 22 42 55
67 61 40 33 20 36 66
58
61 25 63 35 20 17
66 46 3 8
41 3
22 35 32 7 17 24 1
7 50 56
59 60 27 61 48
51 11 15 48 25 56 67
16 35 51 10 72
58 6
9 23 65 16 72
1 58 52 44 62 39 40
69 66 61 21 49 55 9
47 34 32 3
54 47
4 55 59
47 59
43 46
14
64 11
57
45 49 70 41 57 30 31 35
33
59 23 24 6 26 40
29 59 38 2 11 67 14
21
2 20 10 50
51 6 9 13
58 9 29
33
29 2 1 25
3 6 32
1 61
21 26 31
35 9 32 29 3 38
15 8 39 23 37 46
14 3 1 15 27 46 33 48
46
9 19 29 34 50 12 13
60
4 41 38 34 48 56
50 71
52 15 56
60 16 13
5
17
40 101
1 36
2 39 15
15 37 38
8 13 18
3 11
1 2 9 37
22 5 6 2
21 18
13 5 6
20
10 8 23
15 28 2 24
4 19 23
28
39 9
36 2
9 11
21
38 27
17
20
19 3
6 36 27 40
1 5 3
3 11
38 4
6 14 29
29 26
30 35 40 9
18
32
39 37
30 13 34 15
28 18 5 21
15 35 20 33
38 29
24
5 25 30
17
38
38
17 23 13
11 1 16
21 7
7 19 17 21
37
31 9
15 39 20
35 9 28
36 38 1
9 33
24 10
22 33 30
1 11 7 30
29 38 39
36
18 22
37 5 14
3 6 11 38
26
29 7 23 18
24 20 37 13
26 2 36 21
5 38 11 23
16 28 19 18
13 20 22 18
20 6 3 34
33 17
30 21 25 15
20 35 12
24 22
18 29 28 38
1
15
5 34
40 27
32 36 17 13
1
22 13 25
37 39 11
27
34 17
26 25 27
30
10 29
32 12 25 9
33 9 3
13
31 33
29
1
22
23 34 11
20
37
15 17 21 7
5 7
29
39
20 14 17 12
5
11 46
10
2
3 8
5
8
3
3 5
1
3
5
5
4 8
11
1
3
8
9
6
1
6
10
6
6
10
11
7
2
11
7
6 10
2
3 2
4
4
3
2 8
8
6
11
3
6
4
10
10
8
6
73 20
46 21 33 69 8 30 44
24 33 55 8 31 36 29
67 5 62 38 6
2 22 64 14 26 35 46
12 2 48
70 39 58
26 65 57 7 72
26 11
3 16 29 24 5 7
27 70 23
15 68 47 27
6 38 50 44 22 17 70
1 3
15 29 64 55 6 10 39
73
20 54 13 39 68 64 70
44
43
29 48 21
45 21 12
91 6
30 4
82 44 53
49 2 91 5 69 17 46 88
44 46 10
22
47 16 32 69
41 8
14 7 15
12 14
10
4
12 4 9 16
28
20 40
5
89 63
65 53
74 86 34 51 3 45 12 52 76
64 68 65 84
1 84 82 33 76 42
38 89 43
38 79 45 24 77
20 43 12 44 87 45
73
3 73 59 86 43 60 13 57 25
10 48 36 31 23 83 69 12 60
88 21 44
54 87 60 9 26 65 25
49 84 68 24 76
81 33 79 23 80 48 53 36 63
47 33 56 68
32 41 39 52 34 69 10 9
60
21 60 36 7 51 27 39 63
51 21 34 86 83 88 44 48
44 33 19 84 4 3 50 72
81 76
70 7 42 16 13 25 64 73
45 57
12 75 55 10
13 85 5 67 36 89
38 49 53 50 40 39 43
27 80 13 74 77 86 4
75 44 65 60 31 7
66 3 26
60 47 46 9 29
58
69 43 47 70 56 82 54
78 57 7 85 33
55
11 76 62 35 13 37 6 59 82
87 1 26 88
68
71 70 29 63 56 73 46
68 78
34 7
42 68 82 54 16
46 8
65 31 13 85 55 80 59 36
87 32 49 2 15 5 34 16 48
22 27 23 1 41 77 38 82
67 69 30 8 81 48
5 17 31 87 36 62 68
76 73 3 24 21 72
42
28 64 72 37
65 2 12 44
19 58 11 14 84 49
81 18 16 9 24
12 48 17 16 74 59 47 55 52
89 27 71 11 3
51 82 67 64
49 40 89 88 55 81 7 12
40 81 5 56 65 85 35 77
86 57 71 45 39 14 70 6
62 5 61 49 53 12 70
66 61 80 10 71 30 1 8
66 3
75 74 71 42 78 27
44 80
44 23 43 34 25
35 30 9
28 22
7 36 6 28
27
6 10 43 39
18 43
13 2
33 1
22 1 16 32
44 18 33
7 39 13
43 36 15 30
44 29 11 12 22
29
31 44 22 34
7 26
36 25 44
22 7 39 11 15
2 5
18 4 2 5 35
33 19 13
39 10
4 29 31
11
6 30 42 3 12
13 26
34 30 41
9 43 8
21 40
9 15 8 19
32 23
36
19
14 16
26 3
27
18
43 1 41 8
37 23
22 37 13
8 44 38 29
22 3
35 39 3
17 11
19 28 31 37 4
9
39 1 9 44
22 12 37 5 6
23
11 6 18
29 33 42
7 36
13 28
16 36 27
12 35 29
32
22 36 27 28
25 30
7 3 31 35
4 25
39 42 7 22
42 33 20 27
30 31 6
2 3 5 29
25
36
35 14 17 1
21 25 39
22 1
15 18
10 44 17
30 22
31
33
6 13 20 41
10 31 16 11 12
25 26 33 14
18 11 9
27 44
54 65
19 54 13
31 28 35
10 31 32 8 5
30 26 15
18 4 39 14
35 54 3 30 26 29
44
4
50 34
30
17 6 20 40 27
15 52
17 31 44 1 35
46
31
14 36 6 33
1 13 6 47 17 38
52 39
8 16 53 48
30 38 48 35
28 40 50 53 16
28 13 52 6
52 34
6 50 33 20
33 21 1 48 20
25 11
18
52 7 31 47 21
39
21 36 54 48 49
42 1 45 36 38
2 54
37
49 47 35
38 32 51
24 17 53
11 35 5
28 54 20
16 26 13 51
27 52 41
35 12 7 43 9 34
2 30 17
9 16 11
50 16
40
41 17 46 13
42 53 34 1 39
51 13 52 40 21
27 22 39 44 9
21 20 27 32 51
17 27 34 49
46 40 21 7
37 45 26 34
23
39 31 23 7
12 31
48 50 49
46 42 4
22 53 13 29
49 35 34 32 26 21
44 43 23
35 45 51
19 27 18 12 39
53 46
3 26
9 23
3
4
2
4
3
8
2
6
8
4
5
9
7
3
5
2
5
3
8
5
7
7
7
52 71
41 27
14 36 5 20 18
41 33 3 17
31 1 10
44
48 52 14 20
31 44 48 38
8 27 1
40 12 6
29 17 52 9
16 7 25 44 11
23 6 11 36
23 42 45
28 19
2
26 17
8
34 24 27 18 19 42
43 9 44 29 20 42
6 1 36 28
28 21 45 22 46
23 39
30 14 2
40 47 23
47
41 14 18 8 3
13 3 11 40 20 39
13 36 5 34
27 20 32 9 50 36
44 7 28 14 48
27 13
29 41 13
51
3 13 12
49 16
48 18 44 43 25
40 8 24 32 14 51
37 15 20 26 24
27 7
2 9 29 41
1 32 22 48 25 13
49 41
33
33 46
1 7 29 48
43 48 45 2
22
36 11 42 5
15
21 11 34 22 19
30 41 34
47 10 2
28 49 46
50 29
11 13 52 46 24
26 31
19 27 18 28
36 24 1
6 46 43
19
3 40
28 17 3 38
2 31 28
33 6
51 8 42
31
26
1
13
50 47 41 16 29
1 45 32
79 101
62 67 57
35 72 63 42 2 56
55 16 4 19 27 1 76
39 76 42 28 11 74 67
62 8 50
50 27 79 5 19
21 75 67 2
4 60 68 30 43
50
76
30 61
72 9 43 79 58 62 24
37
78 48 24
36 79 43 39 59 32 40 49
64 51 39 56 20
23 3 74 76
32 21 40 68 23 38
46 31 71 21
5 79 54 47 14
10 53 49
24 25 18
22 20 24 19 55 30
15 18 61 52
3 57 20
79 76 54
65 52 31 38 21
61 21 45 11 42 40
35
39 73
31 30 55
32 7 54 29 6 53
34 73 64
24 22 56 52 57 76
42 13
51 48 70 64 41 73
45 48 49 51 29 77 79
25
18 63 78 42 6 54 14 37
30 79 37
25 59 51 63 75 20 52
67 75 12 71
11 1 71 64 72
48
51 28 19 39 64
68 38
24 37 34 75 20 4
47 44
42 55 22 64 40 76
79 69 64 47 34 10
28 48 8 45 12
74 35 3 4 30
7 19 44 50 60 79 71 15
20 14 57 58 35 65 68
13 36 65 58 47 6
3 63 30
60
1 24 61 50
61 41 77 50 29 17
60 49 72 46
50 33 48 10
15 16 13 71 78 42 58
53 56 35 23 9 70
6 40 67 76 77 22 46
42 3 68 50 25
35 40 13 47 6 11 64 58
37 31 73 46 53
11
8 50
5 22 74 50 40 12
28 61 52
16
13 38 71 78 76 25 16
55
54
12 64 15
10 67
6 36 22 21 47 49 23 3
23 73 61 11 31 27 63 51
34 2 62 5 48 22 19 42
60
11 16 61 31
5 29 15 79
8 35 61 38 36 19
8 18 48 63
30 67 23 51 6 64
65 23 42 55 58 47
62 75 3 36 22 10 70
23 27 76 61 9 68
71
34 33 64 59 38
11 77 46 27 52
48 40 7
17 42
26 8 17 23
13
71 1 62 37 18 70
2 50 27 25 35 78 70
50 68 4 64
22 1 12 36 2
53 24 2 40 3 47 16 4
102 76
87
6 80 22 74 31 47 11 3 1
38 9 97 44 57 20 99
11 102
7 60 80 59 45 97
22 82 38 27 33 34
38 80 85 40 54 46 51 63
95 93
65
18
37 100 22 15 57 41 85
62
20 63 97 53 8 32 5
45 58 9 95 94 99 61
80 24 63 71 62 74
83 62 22 21 44 4 6
17 76 24 81 28 90 99 60 72 65
42 24 83
21 17
82 64 29 36 23 24 57 67 28
72 25
19
24 99 50 87 69
57 31 81 72 28 35 91 48 26
1 89 53 11 10 77
76 78 51 19 25 11 97
83 44 7 49 100
79 53 32 5 87 96 26
19
73
11 82 19 51 29 96 101 47
23 57 64 44 11 81 50
53 86 35 3 92 13
85 13 73 77 43 20 23
38 73 24 32 45 44 74 41 35 84
90 6 40 91 48 42 80 61 78
73 22 87 59
4 81 33 42
56 47 69
18 7 70 53 64 25 14 69 32 10
9 44 43 19 90 65 4
102 7 24 22 48
68 90 33 86
76 10 57 101 23 100 36 49 29 45
11 62
30 49 68
94
13 91 48 9 10 83 76
89 33 66 63 16 97 35 38 94 44
96 63 73 4 22 77
45
13 10 83 102 101
8 84 9
55 97 90 94 31 3
39 15 53 83 74 46 43 19 24
95 30 82 34 17 92 15
64 42
19 50 79
19 40 65 49 43 24 88 31
68 2 96 84 20 17 19 12
101 20 37
34 52 51 49 48 69 73 100 14
38 52 11 54 75 98 84 49 37 85
18 79
37 64 53 9
63 98 90 12 20 11 33 62 83
49 45 68 100
95 73 25 76 35 32
27
42 37 46 68 45 26 29 40 90
33 100
68 80 77 15 98
12 24
84
57 77 62
83 44 100 93 89 40 35 88 68
46 47
16 38 15
3 41 9 34
45 18 43
7 1
35 25 45
4 1 40 35 39
24 20 44 45 29
13 20 38 2
19 27 14
24 22 43 18
25
21 18 45 25 12
13 5 27 37
24 35
6
14 37 42 29 10
43 39
18 29 5 14
5
19 43 7 30
13 28 3
46
31 46
20 7 16
35 19
31 5 18 42
17 4 35 15
7 11 38 30
4 12 35 1
8 25
27
10 36 13 38 2
17 6 3 12
19 15 21 27
21 37 45 24 35
6
14 8 7 11
5 14 23 11
18
21
43 33 10
41
35 39 26
37 43 7
42 35 7 3
11 30 46 24 10
17 4 3
82 61
19 11 81 56 68 5 58 47
54 61 36
52 5 41 75 8 71 10
18 12 48
36 39 64 65 5
3 16 58 61 1 65
49 8 29 43
82 49 33 74 58 23 4 41
53 82
10 63 37 16 42 41
19 33 1 55
8
29 53 55 19 7 22 77
25 82 70
53 71 13 64 49
14 7 30 32 26 62 35 82
44 63 11 14 37 39 33
61 29 75 5 30
48 82 52 60 65 22 28
35 34 11 68 61 74 20
56 64 42 67 79 81
31 42 3
36 10 7 17 57 8
36 75 9 63 56 43 14
30 77 57 52 56 33 35
17 31
41 62
46 40 12 55 48 28
56 15 66 48
46 23 67
6 14 55 64 67 29 19
30 52 63 73 31
36 72 52 10 38
40 13 23 62 35 68 2 19 46
34
72 19 51
37
37 6
27 38 64 30 7 73 67 81
52 62
39 65 73 3 24 25
42 75 69 81 8 26 6
52
42 34 75 50 24
56 59 74 27 40 46 66
38 70 14
12 77 25 4 66 23 13
30 17
75 60 15 67 27 39 45
14 23 75 40 62 1 79 12 16
25 13 3 28 80 42
57
69 49 35 2 34 63
80 64 57 21 58
82 15
3 13 50 18
75 32 76 22 29 21 64 36
41 25 45 78 28 58 69 40
16 15 58 17 32
19 44
39 37 60 70 31 81 17
51 46
3 23 21
30 50 6
34 23
5 21 20 33
5 28 8
27 30
44 2
15 6
16 35 28
4 24
3 29
10 51 38 40
6 46 45 35 22
28
30 15 40
31
11
44 45 31
48 3 18
32 50 8
10
50 16 41 43 24
17 51 32 20
21 24
48 34
14 1 26 43 23
9
34 32 2 38 15
10 4 11
28 21 42
1
40
8 6 43 41 2
16 1 21
3 6 10 8
22 23 3 31
39 6 27
21
33 5 16
12 21 44
47 22 41
17 27 24
7 34 1 39 29
41 8 47 28 38
9 33 24
37 39
52 66
16 52 8 12
10 51 20 32
21
26 18 10
33 29 16 46 39
45 5 44 12 34
15 27 47 30
2
9 39 16 4 18
1 17
18 26
50 30 20 17
12 21 41
31 51 13
45 42 35 46
19
49
25 40 23
32 40
18 14 48 9 12
20 9 18 39 7
47 51 6
52 24
49 22 28
44 16 8 10
49
32
45 52 29 9
43 15 50 38 42
43 37 14 12 15
15 27
34 18 38 20
10 1 34
45 33 17 50 41
40 32 34 25
25 15 33 44 5
34 16
8 46 44 1
11
45
36 11 7 16
4
40 44 49 16
50 7 16 17
36 50
45
23 12 34 6
36 51 19 37 43
39 46
2 37 30 51 29
48 35 4 40 21
37 22
18 20 47 28
21 11 52
6
46 16 50 34
52 39 26 28 27 49
6 36 21 48
32
23 2 17 24 22
51
8 34 47
7 10 8 34 38 46
41
31 27
14 8 22
38 91
1 21
37 30
7 34 1 29
1
19 23 36 28
24
16 6
17 28 30 16
8
8 21 30 37
15 10 32 21
3 37 8 21
12 11 13
38 28 3 14
30 5 16
28 9
26 17 22
31 29
8 9 5
23 4
34 30
31 29 36 11
35 18
12 34 29
19 16 31 2
23 10
29
28 33 25 13
21 8 5 13
33 26
30 23 5
12 38 21 10
15 2
5 2 22 24
32
19 35
32 17 11
8 27 9 33
1 17
31 29
30 16 14 6
26 10 13 34
19 9 1
12 10
22 8 1 10
11 2
28 20
34 31 16
22 21
10 9 35
4 17 31 28
8 1 4 17
28 33 10
5
38 10
2
38
32 22 16 15
2
5 21 35
31
26 13
10 2 8 35
13 7 38
30 1 5 29
14 28 6 36
11
28 31
37 24 12 25
26 12 37 11
37 1 8
1 37 14 21
26
33 15 17 8
27 4 26
34 25
23 27 34
38
37
8
8 5 37 6
19 26 21 30
13 25
34
9 21
20
8 4 11
30
12 28 26
26 11
25
10 37
6
3
2
10
3
3
1
4
6
4
4
5
8
9
7
3
2
5
3
9
6
1
2
8
1
9
3
4
4
4
3
6
4
8
6
3
7
89 62
38 39 10
71 42 73 44 10 60 72 46
20 76 51 47
36 7 27 80 16
55 15 19 36 13 14
51 52 5 55 47 38 31
31 35 34 84 77 43 45 86
62 45 71 10 15 58 24 33 5
68 67 20 52
74
50 45 70 60
16 5 69 25 47 80 43 38
87 41 84 34 9 18
13 76 67 12 6 30 38 69 20
71 80 64 19 84 65
63 22 33 38 81
57 54
2 63
1 8 16
42 43 51 79 55 52 9 44 34
40 52 15 38 28 10 81 60 69
10 37 59 21 60 32 72 82
87 81 62 43
50
11
60 32 66
68 14 72
5 42 79 10 52 26 69 85
76 10 5 6
85
66 20 28 70 31 75 63
51 85 62 86 89 72 24 41 33
20 34 52
67 38 47 71
48 89 44 24 19
27
78 89 65 62 17 60 58 38
81 78 36 47 56 13 87
12
72 83 33 31 15 76
55 12 35 59 1 56 34 62
26
42 1 44 53 36 23
24 35 40
47 7 32 62 40
9 48 70 63 60 38 32 4 88
31 24 16 72 81 57
36 77 38 71 27 87 50 34 51
6 45 52
47 25 45 84 79 37 21 10
51
39 55 79 52
4 88 10
2 59 60 51 25
5 30 65
15 23 13 82 39 2
59 11 52
66 23 8 77 7
80 5 61 31 6 52
78 76 44
38 42 70 75 86 83 67 35 17
27 50 12
99 93
36 48 40 70 99
1 51 89 43 80 70 15 71 48
22 28 41
51 93 61 1 21 4 30 39 9 72
56 10 41 55 99 39 4 86
84 55 93 3 19 76 28 57 71
51 32 28 53 31 78 89 39
59 94 97 47 57
50 43 16 32
9 84 97 27 58 24 29 1 33 59
83 10 58
98 94 10 55 88 66 53
23 86 82 64
13
9 96 57 35 55 80 17
80 49 42 8 30 63 89 45 57
1 43 64 51 75 85 37 55 49 67
45
62 77 17 42 92 97 20
38 25 69 86
56 32 42 54 84 16 82 57 98
13 47
77 53 95 41 15 73
55 65 53 72 4 90
70 76 84 26 8 25 79 37 9 93
64 91
76 37 84 51
80 90 99 53 45 52 16 97 25
87 22
62 4 13 69 28 90 5 35 83
98 72 52
7 37 23 91 15 11 67 56
80 53 65 96 39
85 1 88 96 67 16 86 71 48
92 44 39 14 78 37 35
47 26 57 1 67 37 54 32 34 90
17 90
13
18 98 29 66 65 19
5
24 48 41 58 82 33 3
90
71
55 1 58
17 75 33 21 85
37 84 16 3 49 34 10 51 94
96 35 86 77
87 83 53 88 52 78 43
36 85 69 9 16 87
3 24 76 17 25 48 32 74 42 62
74 47 40 34 28 90 22
68 62 32 3 45 98 9 60
3 60 8 76 31 99 23 73 64
43 37 67
74 1 14 64 22 93 31 81 23
26 21 39 83
40
11 16 18 40 15
99 87 2 20
36 86 15
84
74 4 21
84
33 10 61 71 92
11 34 75 27 49 13 39
13 27 87 30 53 22 15 67 31
92 3 12 5 86 52 37 94 14 7
76 17 18 49 41 64 62 80 50
5 36 2 57 14 22 87 13
88 13
92 96 77
90 88 34
62 50 88 11 89 53 70 69
42
36 42 30 92 55 49 78 65
66 77 87 56 72 62 83
48 15 33 10 63 22
52 74
19 74 30 91 11 71 1 25 67
87 29 42 65 14 96 35 73
94 21 92 28 30 53 49 50
21
23 94 65 12
37
4 59 94
46 21 20 9 33 14 43 6
36 27 80 63 56 33 10 4 35
41 55 22
66
41 93 24
85 3 43 7 20 50 39 31 90 44
26 70 99
25 31 95 28 65 23 67 19 43
50 72
32 50 48 22
43
2 45 29 33 3
7 22 24 42
38
31 28 6 46
24 43 7 6
8 5 45
47 42
41 21
38
35 44 46
35
46
35 28
42 25 33 15 17
22 40 48 26 36
22 28
15 50 38 2
23 47 21
32 25 28 50
6 44
32
18 49 19
40 17 14 26
37 5 18 1
5
27
3 47 11
23 39 35 46
36 29 7
27
43 17 8
26 45 50 43 47
48
31
3 29 39
2 29 24 36
2 24 4
30
37 23 49 29
44 5 26
49 23 47 46 25
24 29 5
18 8
41 46 17 43 21
4 50
40
50 21 4
27 29 37 25 3
23 27 11 48
16
22 25
13
20 7
39 10 42 41
13
24 18 37 50 49
26 1 8
28 18 47 32 35
4
10 18
29 24 23 20
14 10 38 28
11
39 12 46 14 38
21 37 23 40 34
27
12 38 2 29 20
2 42 1 38
12
37 15 38
88 7
83 8 55 22
21 74 38
82 74 16 25 85 72 86
7 8 5 62 22 56
84 68 37
7 72 29 78
13 12 58 33
57 80
47 11 31
17 43 55 46 22
18 8
20 51 10
15 10 11 13 48 26
49
48 26 1 16
11 5 20 43
33
43 51 49 16
44 25 27
50 53
6 43 54
50 31 14
48 45 7 17
42
14
50 57
57 50
27 52 9
27 18
55
9 10 4 17
33 10 46 37
6 45 17 24
34
57 3 31 8
16 18 11 27 44
50 41 9
9
33 8 4
53 40 17 43 33
44 25 30 2 43 20
45
27 55 37 30 42 29
50 45 38
20 45 41 21
39 37 16 25 28 30
11 19 28
54 53
47 39 53 26 11 37
55 46 41 35 25 20
24 40 37 22
11 5 40 31
1 17 42 54
40 3 10
28 36 47 41 33 35
27 18 2
1
43 22 18 12 26
52 15 11 31
24 2 50 26 27 44
21 33
13 26 35 39 2 36
2
6 39 12 17
9 11 37
38 11
4 28 38
14 24 56 34 15
46
44 43 1 38 47 18
11 57 44 27
11 54 18 29
44 17 53 14
56 43
13 20 11 22 24 25
26 41 5
2 36 41 17
10 54 48 6
36 55 16
9 46
7 31 20
9 46
33 13 24 17 54 28
14 22 46 30 19
42 9
15 3
46 14 42 34
48 8 15 26 16 3
8 11
1
7
1
1
5
5
1
6
7
8
5
85 77
38 82 81 79
34 68 63
78 4 3 13 15 18 53 64 10
18 52
41
71 7 42 76 14 44 23
40
44 27 8 68 46 47
50 29 21 67 81 41
49 59 84 53
16 80 19 14 71 33
50 41 54 24 84 37
66 82 35 46 41 25 23 64
64 11 67 79 51 77 49
28 67 37
14 50 19 11 60 84
11 29 73 8 63 69
60
33 38 68 11 5
4
40 52 77 67 75 70
4 35 55 56
11 22 62 39 9 69
35 78 32 41 67 26
77 30 72
41 26 3 74
35
43 38
55 50 57 22 71
60 37 58 74
8 62 26 74 2 6 66 73
59 70 17 19 58 66 53 73
5 79 34 54 51 12 82
28 33 13 16
20 77 85 8 35 48
22 39 4
13
21 78 74
57 35 1 48 45
59 83 47 2 30 46
51 3 43 85
29 64 45 32 69
10 46 49 40 11 63
11 25 76 18 83 73 64 41
80 15 20 29 22 28
28 57 84
45 25 44 12 70 50 51 37
82 47 51
21 5 16 42 46 75 36 17
64 38 30 49 15 58
14 45
80 3 32
52 83 16 35 36 19 85
40 5 79 81 7 26 73
77 8 17 21 56 31 78
1 79 11 80 39 42 16 47
31 82 6 81 9 2 42 45 39
70
69 18 34
38 4 73 36 30
3 25 61
40
82 27 61
32 56 35 76 55 79 29
20 55 85 37 3 41
48 70 60 83
83 42
15 43 77 79 39 18 54 64 6
13 81 36 48 25 51 24
7 60 80 48
42 74 64 82 45
38 40
80 31 68 75
37
53 60
5 52 28 71 17 51 21
68 15 28
91 28
42 56 84 20 3
9 45 25 7 10
33 60 72 19 11
79 14 77 41 73 65 67 90
67 29
18 47 26
67 83 13 38 36 37 44
87 77 14 30 58
11 45 91 50 48 35 23 24
4 90 25 79
35 14 42 10 5 54 3
53 10 12 1 77 41
63 14 65 26 22 60
8 56 51 60 81 39 24 52 80
19 6 5 75 59 20 84 33 70
4 50 69 29 21 90 89 60
28 5 66 82 80 18
61 23 44 27 91 76 10 69
67 72
44 10 90 5 61 30 64
57 1 27
29 71 37 46 57 61 31 63 13
89 12 58 61 43 78 91 24
6 87
11 56
37 40 65 91 29
83 9 58
65 27 68 90
53 34
30 36 27 16 11
18 12
11 19 5
24 42 50 34 25
15
33 3 8 5 39
26 31 25 19
39 46 2 28
51 18 43 40 15
31 39 47
19
40 13
51 15 26 34
6 7 10 9 25 28
49 8 32
37 49
23
13 32
6 37 25
3 37 41
30 45 13 9
51 50 37
24 41 50
19 15 46 1
4 13
10 18 29 34 19
50
42 5 30 33
5 30
21
11 8 26 20 27 19
20 26
11
11 29
49 60
39 15 40
31 13
15 12
39 17 44
39
17
15 37 6 20
28 1
39
2 42 14 46
9
38 21
8 32 15 2
14
43
31 32
23 37 9 39
14 49
7 6
20
18
22 11 48
24
24 25 44 38
42 13 20 24
48 16 10 37 40
36 4 29
10 4 48 27 31
43 34
17 25 9
19 46 36 17 9
40 10
12
46 2 37
31
20 34 33 46
8 44 5
11 29 1 8 4
43
15 4
29 13
3 14 33 4
43
35 13 24 23
49 30
9
19 38 27
46 33 24
3 28 35
45 22 38 9
42
47
43 10 16 23
2 36
28 6 11
36 12
16 32 2 43 22
43 26 2 3
15 49 9
14
31 64
1 14
24 28 15
25
23 3
3
19 30
16 8 7
24 3 16 12
17
31 1 21
27 13
9
31 23
1
8 11 24
31
14
7
8
16 4 13
24
28 4 30
19
25 23 27
28 7
20 13 28
23 1 28
21 10 13 24
25 27
16
5 14 26
10 20 13
31
7
27 18 7
9 28 19
27
13
30
30 24 27
14 1
6 21 2
31 2 23
9
31
14 18 1
5
3
15 8
7
31
18
30 12
17 13
15
26 19
4 16
15 31
25
11
13 23 2
28 7
28 24
24 2 7
99 69
13 6 50
15 37 94 13 27 57 2
38 52 67 20 59 82
42 61 82 35 32 84
88 82 91 26
3
57 67 44
60 56 19 17 55 71 54 8 38 73
19 22 6 77 4 38 9
77 94 66 68 21 73 47 28 36
20 93 44 38 10 97 9 62 3
35 66 63 57 69
58 7 46 44
41 8 47 59 80 16 6 49 94
42 36 63
31 72 13 17 46 96
1 63 15 58 69 99 48 98
95
84 11 59 90 51 16
84 78 49 14 48 60 44 64 6 41
6 4 53 61
12 61 17 8 65 50 20 18
76 68 55 74
31 22 63 79 81
41
46 80 89 49 31 50 18 40 9
46 74 44 7
62 24 61
89 16 13 39
34 1 23 13 8
96 53 42 85 99 70 33
11 42
56 14 91 60 35
81 95 89 70 9 99
52
7 73 43 14
39 64 74 22
44 52 77 93 25 8 5
67 39
48 34 54 16 42 51 23
81 27 65 24 39 97 60 3 71 79
13 31 41 65 23 63 70
77 38 64
83 97 93 38 44
30 25
94 46 82 89 4
58 82 45 70 11 84 33 47 4
24 39 22 63 20 19
17 54 99 34 83 22
75 67 56 64 68 37 22 50
90 61 66 23 91 11 24 49 33
68 95 80 85 50 94
47 27 23 69
95
58 60 1 95
50 75 69 9 39 92 98 49 14
79 74 14 75 52
23 44 35 69 70 55 36 72 51 68
9 68 22
16 96 57 23 33 47 21 81 60
61 32 76 34 83 70 54
6 23 95
57 66 9 23 94 17
14 5 4 10 61 26 42 8 44
65 8 79
81 11 78 52 64 4 55 85 99 13
65 20 62 57
52 70 38 55
96 79 17 2 23 37 65 28
21 6
17 1
21
20 7
3 13
13 2
20 6
94 73
47 1 24
1
84
53 16 3 80 75 88 41
44
55 70 43 92
44 13 56 81 85 17
45 89
69 26
69 41 42 53 57
65 63 37 11 12
51 81 21 48 38 90 86 25
8
28 52 61 47 18
26 59 65
47 41
15
17
21 87
41
71 37 57 1
64 68 4 47 34
5 52 56 42 2 66 88 72
50 21 44 70
36 9 14 7 79
63 11 26 58 78
10 44 14
40 70 94
67 87 82 71 52
91 27 65 63 88 73 76
83 31 88
82 77 9 16 18 78 51 58 10 91
9 37 31 27
7 78 20 29 36 84
29 89 73 54 77 36 8 23 81 17
5 94 21 62 36 43 26
12 82 3 62 89 13 49
2 72 8 22 51 88 5 18
12 40 53 54 36 83 80
50 47 31 7 22 42
50 35 14 88 73 63 67 75 40
28 22 67 32 39 65 70 11
55 46 37 40 34
86 65
40 38 17
5 31 82 77 25 54 83 90 60
44 58
14 28 49 24 8 10 70 44
35 61 93 31 84 38 69 33
5 89 46 81
31 2 66 90 18
80 91
39 72 78
81 79 90 87 20
85 50 4 28 36 86 54 56 37
6 67 68 4 89 17 18
13 72 18 16 56 64 28 66
21 85 6 11 67 9 65 22 71
8 32 24 6 64 90
93 16 89 33 20 39 49 7
76 72 25 28
30 39 61 65 35 14 41 90 47
19
93 40 56 91 82 50
8 15 58 46
90 80 2 67 36 30 87 66 94
62 34 93 8 55 71 11 5
36 70 84
57 66 2 65
85 16
80
7 79 63
71 60 61 56 27 26 80
40 74
14 34
29 6 4 1
25 12
28 33 36
32
13 20 2 37
23 35 20 31
29
24
20
36
15
8 26 15 12
34
1
27 32 2
34
31 16 25
39
30 4
37
3 24 23
14 22
20 33 32 13
32 2 15
36 13 8
3 16 1
14
33 17
21 32
5 6
18 19 10
12 1 2 31
4 5 38
17 6 15 19
16 22 26
6 34 30
25 37 31
20 8 1
37 4 21
34 4 39 1
7 38 18
5 31
31
37 12 23 13
5
19 12 27 39
30
39 15
24
7 12
36 29 14 1
8 23
36 34
9 2 33
20 37 13 11
2 21 27 16
10 21
8 24
3 12
3 22 25
29 20 19
20 12
6
38 18 25
11 38 12 19
13 31
20 14 3 22
20 25 38
1
15 11 3
22 4 32
1 10 21 26
18 37
54 37
20 52 22
29 45
34
29 23 32
45 42
1 48
29
31 54
48 5
10
42 46 52 2
33 30
39 9
29
33 41 37 21
54
27 28 45
43
51 9 23
41 11 14
12
33 41 7 11 9
3
10 39 23 31 54
3 43 4 22 47 26
2 48
4 20 14 47
52
8 31 21 16 54
19 9 24
1 39 20 28 4
20 29 4 37 39
41
18 44
35 4 39
34 6 20 49 28
3 13 24 19
78 44
65 58
66 13 7 44
27 8 38 58
18 53 44
14 41 22 26 75 11
55 75 45 76 20 64 62
50 78 15
34 8 46 60 15 33 67
78 42 60 57 5 22 31
11 48 51 7 42
54 56 60 3 27
45
42
6
45 38 39
38 2 41 16
13
65 58 3 62 30
26 28 13 3
43 57 45 37
36 38
8 4 9
64 46 48 26 11
38
68 46 56 51 25 14
2 54 56
46 34 32 4
67 42 48 74 73 56 58 51
34 61 42 71
31 66 69 13 32 57 14
62
3
33 7
50 76 14 45 70
36 50
74 5 3 37 25 16 17
6 76 3 37 54
72 37 45 75 4
31 76 77
12 43 19
1 18 50 24
2 61 75 17 27
22 24 67 9
32 30 14
95 54
39
73 58 41
71 90 24 76 80 23
33 68 39 29 94 45 5 81
86 81 7 1 82 37 8 69 40
91 17 5 37 72
31 92 53 12 19 35 44 83
72 82 20 76 64 10 63 49
64 35
71 5 86 19 1
23
78 92 64 71
75 89 81 21 74
92 60 75 70 28 81
73 90 2 12
73 17 31 91 14
15 50 16 12
83 58
74 43 11 52 3 5 13 71 40
12 14 51 11 22 91
38 24 75 48 57 86 2 70 94
57 56
35
14
3 18 74 88 39 34 2 52 84
74 77
13 5 67 61 58 54 59 32 50 69
7 72 25 82 16 5 15 80 89
18 87 7 4 95 77
87 78 55 49 40 14 12 72
77 62 69 53 86 73 40
79
18 60 31 68 77
71 77
53 58
41
62 89 80 75
53
79 19 13 33
82
12 65 14 26 29 42 93 7
68 81 79 22 43 86 62
50 52 64 29 54 21 68 37 39
69 47 60 43 55 29 53 80
94 74 57 59 44 42
65 82 27 29
76 80 37 10 35 57 74
92 52 42 40 16 84 95 41
76 91 37 55 52
3 91 39 64 77 66 92 47 46 74
52 13 41 27 81 34 78 73
12 72 35 49 53 30 85 79 82 11
25 74 52 87 71 3 35 46
86 55 24 15 40 57 92 63 31
61 85
58 13 61
4 16 41
27 54 51
26 45 4 35 22 50
15 10 43 48 8 38
18
8 45
4 59
35 3
14 28 56
20
34 5 54 7 27 42
43
47 29 1 24 31 20
39 4 55 42
8
6 39
35 38 56 24
2 16
28 59 23
52
39
34 9 11 14 47 16
29
19 46
60 15 1
54 58 57 5
13 25 27 11 49 37
59
55 33
6 49 10
58 40 17
6 15 38
48
4 45 37 57
30
52
11
22 6 23 46 11 10
31 8 35 11 27 59
41 37
29 8 31
46 34
47
15
9 27 30 32
16 42 3 11 13 10
24 36 43 41 18
5 46
35 58 12
6
10 22 39 21 49 7 52
60 7 2
17
13 1
50 45 21 8
27
33 2 52 46 10 59
21 19 24 41 8
32 29 31
32 31 56 47
57 27 36 42 47
47 12 37 18 13
5 24 26
44 45 12 24 52
57 19 12 35 52
29 38 30 26 3
7
47 55 1 24 14 15
18 38 17 5 22 61
47 54
42 13 15 4 57 46 43
10 47 31
36 18
36 42
52 33 44
51 50 53
37
8 17 59 20 34
18
45 29
14 47 4
58 41 14 25
48 7 1 37
52 28 3 27 13 12
79 43
27 24
52 55 26 19
20 49 9 45 33 57 13 7
53 50 7 59 62 74
62 69 34 71 14
8
1 45 13 55
6 27 40 54 10
61
72 42 12 45 19 78 73
16 30 57 49 22 70 26
5 26 49
56 68 76 57 28 50 66 8
27
47 39 19 58 32 18 27 33
50 56 52 15 2 20
79 11 3
62 59 70 32 20
13 47 26 59 60 44
12 36
5 68
55 19 17 69 20
63 47 46 49 24
31
52 37 77 78 49 44
4 78 43
10 53 4 15 42 22 44
13 33 55 59
76 25 40 20 33 70 77 59
50
51 68 2 29 67 19
76 72
65 9 72 29 43 6 37 64
68 10 67
17 32 60 50 33 5 28
73 5 61 60 23 54
69 25 17 77 18 45
23 2
61
51 70 34
76 68 32 5 73 34 62
38 19 46 36 72 76 25
67 77
86 70
30
2 29 10 43 56
19 20 31 74 52 34
60 76 7 52 24 45 39 35 64
7
26 28
21 57 1 14 85
49
46 67 66 68 54
15 44 82 4
48 28 8 78 62
86 60 1 17 37 57 29 51
31 13 85 76 71
57 39 86 63 82 66 38
7 45 26 60
18 33 14
25 50 63 81
27 34 15 31 32 82 9 44
86 20 33 73 85
13 84 20 39 57 42 48
47 81 20 3 57 7 73 75 32
11
82 18 63 31 62 54 50
41
69 53 37 3
86 36 44 81 74 31 6 76 79
62 60
54 70 11 41 1
71 55 33 34 54 73 74
31 16 28 15
71 1 45 7 35 86
2 59
56 42 63 10 35 34
3 58 20 48 36 7 76 66 15
7 29
70 30 28 76 36 54 67
55 39 3 24 81
26 21 5 20 15 62 39
11 38 52 68 63 67 72
50 7 65 31 34
12 79 86 50
16 36 52 41 48 62 23 82 30
25 73 85
49 65 54 86 20 60 64 42
1
86 79 9 72 8 36
40 84 77
51 6 78 80 22 17 66 20 84
76 51 12
25
51 24 68 9 23 60 86 59
21 12 34 8 76
78
30 8 41 42 83 53 31
65 32 64 46 82
27
15 1 5 6 59 41 27 63 66
62 55 46 53
67 52 63
49 29
2 85 76 65 44
57 71 58 63 54 76 35
16
73
65 34 82 31 63
75 31 68 37 60 18
50 85 8
61
70 25 40 46 21 80
29 75 56 65 53 3 61 58
27 5
6
13 27
21
23
13 1 2
79 101
40 56
46 45 70 73 9 17 11
55 24 23 1
28 16 8 46 55
14 64 25 10 74
31 78
46
74 66 73
59 56 31 70
6
31 6 12 33 75 20 78
42 13 10 67 22 4
28 56 65 48 5 59
52 72 68 4
33 12 28
42 9 8 75 4 27 48 29
35 38 30 57 17
59
47 27 52 1 35 78 72 23
16
67 18 51 30 26 58
30 59 22 58 57 71 27 9
9
54 55 68 1 30 23 22
55 12 75 43 30
47 55 78 21 59
17 13 29 73
30
65
43 14 67 31
17 29
13 74 18 25 44 35 29
56 58 38 51 70 68 25
61 28 23 38 67 60 55 1
7 15 13
57
58 50 24
59 27 7
6 45 61 18
49
3 6 44 25 18
59 72 31 1
46 13 62 77 12 40
11 62 2 37 43
17 62 72 34
42 50 73 22 14 72 39 44
31 75 51 5 16 38
13 25 2 35 38
46 55 47 38
39 46 29 55
77 76
69 10 49
16 44 66 74 34
35 21 49
55 58
65 78 24 7 36
21 57 64 50 73 61 22
51 31 46 12 64 52 40 18
50 39 20 60 68 52 4 29
2 10 61 37 30 38
55 6 3
58 28 2 24 14 23 63 65
1 62 7 14
42 3 4 45 6 29
15 10 3 20 23
74 3 79 45 60 2 21 59
43 42
1
37 61
67 23 33 70
13 19 8 27 4 64 21
62 15 3
34 63 38 55
52 18
27 72 74 63 54 25
51 32 16 14 44 35
46 38 6
38 67 56 40 23 10 77
39 14 8 32
34 24 41 72 52 40 18 78
33 12 11 42 7 56 79 18
53 73 52 51
24 6 17 38 67 48
22
19 68 73 59 60
51 13 3 36 55 9 67 29
5 41 23 52 67 73 4 11
74 48 41 17 27 37
45 25 56 24 59 22 49
78 60 22 61 47 25 56 26
54 77 27 22 55 38 75
60 37 66 7 73
27 73 54
52 75 74 19 73
15 55 21 6 54 34
2 56 47 39 51 17 19 62
26 31 2 52 24 56
50 51 70 44 20 19 33 49
47 29
22 63 26 23
73 36 64 54
74 65
16 59
32 31 63 67 30
9 71
59 50 51 71 11 5 34
55 15 18 68 7
12 20 69 9 35 53
66 61 25 37 69 35
65 27 7
55 58 2
40 13 11 73 27 7 66
39 55
33
43 64 26 13 28 50 49
10 71 65
56 70
17 49 15 56 61
32 65 31
53 47 4
6 45 30 69 70 20 74
46 22 33
12 25 1 59 71
33 11
19 13 8 9 22 31 61 68
48 73
55 45 31 52
53 23 44 63 42
65 43 39 61 59 71
35 67 62 43 1 9 51 39
41
53 2 22 23 10 73 45
73 14 29 41
71 61 10 58 45
32 58 28 19 4 6
32 23 7
12 59 52 61 62 30 26 43
5 15 29 65
12
38 21
43 40 51 49 44 9 71
59 60 34 36 71
22 59
25 23 68
5 60 11 69 40 74
55 72 33 23 37 9
7 69 67 34 53 31 68 14
64 13 63
38 63
20 67 24 8 39 63
24 43 56 65 71 64
55 59 10 14
40 7
45 48 41
40 4 74 26
66
8 9 15
32 35 26 13 3
54 42 16 30 67 31 69 52
39 25 3 50 43 59
68 59 18 72 45
12 14 35
17 47 4
5 46
20 53 40 50 25 17 12
19 15 17 61 51
32 35 38 29 5
12 38
10
1
3
9
7
4
4
6
1
9 5
9
7
9
8
1
1
7
7
5 12
3
3
1
4
10
10
1
3
2
10
11
10
1 2
11
10
1
10
12
5
53 91
31 24 3 5 53
23 20 25 3 27
46 14
21 26 24 52 7
50 6 51 32
7 5 24 34
47 36
25 5 20 45 30 22
43 47 42 34 14
36 12 17 42 50
47 26 2 34 32
36 12 52 9
49 33 52 15 3
16
28 9 51 40
44
44 39 11
9 5
10 17 22 48 52
47 39 6 21
36 15
42 30 31 16 17 28
49
25 39 14 4 22
47 11
47 5
27 30 29 12 51
47 44 26
20 3
15 9 11
38
27 30
30 52 24
9
27 45 33 22
44 51 7 37
32 51 39 13 7
53 17 20 37
46 14 37 22
7 2 31 43 28
48 7 22
29 19 14
38 45
2 36 27 33 35
52 51 32
43 15 44
21 24 10 11
10 37 32 12
29 4
46
24 47 30 6 44
36 41 30 6 44 28
11 31 29 53 8
37 23 48 27
3 31
48 4 20 13 28
3
40 43 34
51 24 30
13 7 45 14
7
35 12
37 21 25
25
29 37 50
39 22
7 34 53
4 29 52 48
43 18
29
22
15
46 35 22 34 6 23
21 19 53 38 29
52 7 5
14 3 7 28
25 35 53
3 9 41
34 2 32 46
1
7 19 33 44
40 14 35 46
15 7 53 1 34
25
33 30 29 42 18
1
39 46 4 18 27 42
38 33 52 4
13 49 21
34
6 47 1 9 40 33
27 9
24 5
21 18 16
7 24 6
8
22
9 22
5 19
10 3 1
7
14 50
9
10 7
5
3
1
9
5 8
11 3
4
10 9
2
12
3 12
11
10
9
3 9
3
14
10 8
6
9
4
2
4
6
10 3
4 10
5
7
10
7 3
4
2 11
10
8
7 9
14
6 8
5 11
11
11 1
4
10
4
2 4
1
11 6
3
1 10
49 88
23 37
41
12 2
10 40 34 5
10
31 10
35 3 24
8 24 4 5
25
48
29 35 48 25
15
45 24 16
33 27 39
13 48 22 47 6
34 13 20 37 22
17 28 25
12 11
36 18
12 14 49
43 38 10 37
23 41 11 25
12 9 15 31 1
9 18 19 38
30 48 45
22 21
35 26 16 33
30 25
8
13 33
25 41
11 47 18 24
37 13
22 16 44 43 37
26 27
46 15 10 26 40
34 6
22 23 14 18
25
28 4
20 21 28
37 28 34 29 43
7 39
21 4
16 20 26 22 9
49
20 10 3
37 6 19 7
3 19 30
47 28 7 4
18 30 25
45
40 22 13 42 35
36 37
23
26 34 25 28 36
13 28 45 40 35
17
34
17 34 45 12 13
33
20 24 40 27 46
3 35 18 21
47 5 17
44 21 9 2 10
23
5 34 17 42 20
16 11
17 4 45 2 27
28 47 32 19
26 39 37
48 41 5 47
38
18
49 37 46
3 40
12 40 38 43
21 40 13 3
47
4 34 15 3
19 49 31 12
4
5 46 43 25 4
17 15 33 5
14
4 27 33
24 22
13 36 28
44 79
16
13 32 2 29
15 36 40 12 11
33 9 13
4 19 31
12 38
25 35 39
35
44 23 17
8
35 19 6 2
30
34 38 23 11
41 5 3 14 17
36 17 31 6 23
35 22 20 28 43
18 9 1
31 26 28
15 42 19
14 15 6
28 22
39 38
21 36 39 11 13
14 31 16 40
29 26 18 33
33 30 40
43 30 38 35
35 3
4 21 3
36 34 28 25
34
34 29
38
2 26 7
31
43 30 7
40 39
43 22 26
24 41 30 13
11 16 13
25
11 18
32
30 42 6 7 16
34 3 31 28
5 7 43
3
37
35
34
8 27 23 26
10 1 35
6
42 17
1
34 25 3
7 21
9 25
30 15 38 40
22
5 23 27
43 17
24 34 39 40 15
4 39 40 38
17 31 30
17 36
31 14 8 19
35 9 28
5 7 16
23 31
16 10 4 32
25
34 30 40
41 3 12
17 19 11
24 1
7 27
34 19 18
25 26 23 34
61 62
24 45 14 48 56 32 36
44 3
46 2 9 7 38
36
48
11 2 57 5 41
22 33
23 56 12
44 6 8 19
51 21 12
24 20 46 61
22 61 13
13
3 19
21 42 27 49 3 24
40
8
26 32 41 46 43
10 2
9
25 11 42
25 57 36 45
57 26 19 44 28 42
9 49 51 58 14
37 61 5
10 8 58 18 35 21
17 54 56
29 40
24
25
33
53
54 44 37 6 5
5 9
16
5 34
28 4 9 20 60 22
40 29 12 43 53
16 60
59
53 34 61 58 48 4
58
23 2 55
29 60
50 60 47
38 14 52 21
10
6 21 34 59
8 58
58 2
54 23 43
18 60 24 19 22 13
7 53
23 43 14 30 54 52
14 24 34 30
32 44 33 3
58 48 20
46 45
6 59 51 14
44 38 32 59 6
50 42 39
16 9
75 80
35 73 56 8 33 65
49 67 58 70 12 68 9
7 12 9 75 50
16 40 14 66 25 15
22
39 34 42 19 41 51 60
1 51 69 70
38 3 65 45
50 44
33 59 5 23 50 29 15
28 7 45
25 41 26 75 37 53 30
68 49 57 14 63 31 34
64 18 32
44 38 2 50 65 60 19
9 59 52 8 65
38
54 30
27 12 53 66 42 18 7
27
49 64 48 23 30
41 4 2 32
10 21 33 24 16
53 56 14 41 10 57 8
74 66 26
37 51 65
73 19 16 74 36 17 30
3
18 26 20
55 52 48 21 61 29
7
47 9 29
60 18 47 57 37 65 49
25 42 11 44
5 46 64 62 26
34 46 26 62
9 65 21 17 18
1
29 35 49 18
8 20 27 26 7 70
63 41 59 26 43 1 13 3
39 11 64
4 6 19 57
47 16
42 52 28 61 3
44 50 48 31 15 9
34 61 69 23
16 61 50 56 21 53 38
11 56 63 26
29 3 27 66 57 5 34 31
41 22 14
55 74 45 2 61 37 39 12
60 65
75 11 62 3 15 57
5 15 41 46
33 67 60 8 24
52 25 21 13 64 33
25 74 60
50
63 29 5 54 10 19 36
36
47 7 59
67 44
27 72 40 47
5
15
2
6 52 46 68 5 27
67 45 59
58 62 16 64 46
32
22 58 62 61 7 48 42
63
64 15 52 17 60
73 64 22
10 5 67 66 2
13 9 64 55 30 47
67 30 14 33 39
4 68 32 20 29 30
17 51 35 27 32 45 70
79 102
15 49 79 55
70 33 28 49
53 61 65 13 7
20 52 57
30 21 18 4 72 64 35 15
16
24 65 78
78 43 60 2 12 30
47 69 67 28 70 7
23 53 5 43 70 8
30 17 24 38
48 36 72 21
70
68 71 49 73 21 17 37
19 3 43 73 25 16 78
7 60 76 36 77 74 48
43
76 63 42 66 22 6
70 53 7 64
1 66 77 73
67 46
73 2 23 4 53 18
57 35 60
18 22 14 2 21 5
48 65 14 57 79 54
65 42 25 37 10 1
68 53 52 15
7 49 57
70 46 13 47 66 17 75 35
9
42 9
21 48 57 20 5
21 14 29 48 65
78 71
30 45 32 75 57 78 37
73 46 24 57 65
72 60 33 24 1 12 65
26 14 43 65 7 16 32 72
76 78 16 28 52
45 18 19 22 50 5 61 17
68 41 39 54 1 34 79
52 40
67 71 8 40 78 15 12 25
56 18 3 52 67 7 8
46 75 73 5 49 14
62 65 63
27 54 18 10 16 58
5
7 68 20 24 45 71 65
78 44 72
37 51 17 31 64
13 24 77 43
26 61 35
39 17
3 23
22 47 3 67 7 29 40
75 8 62 46 24
6 39 54 29 36 17 37
63 52 11 54 47 13 4 9
6 75 79 9 35 50 4 42
50
73 30 79 47 58
63
46
45 19 21 20
34 46 43 17 39 49 13
57 47 62 61
43 6 25 36 35 78 57
62 16 49 29 51 15 22
9 61 54 24 71
47 4
25 62 60
25
8 61 49 6
36 43
6 71 53
67 20
48
56 46 64 43 14 67 42 13
24 72 75 49 7 58 5
38 17 11 1 20 70
72 64 33 12 66 1 60 42
44 59 35
22
73 45 14 43 68
21 47
59 39 58 50 26 34 37 21
17 37 55 60
64 41 13 31 34 32 44 77
38 18 42 32 51 1 11 31
35 56 29 69 9 40
42 56 21 17 11 12 1
78 6 60 31 24 32
61 25 42
75 43 53 26 21 8 56
51 65 63
27 14 56 19
42 73 51
79 31 46 77 63
34 8 21 57 50
4 46 56 34 44
19 28 62
67 74
33 48
43 34 2 6 42 7
43 62 3 7
25 60 33 7
40
21
29 26
58 42 53 4 7 51 6
17 7 5 58 14 50 25
56 35 66 39 41 8
61 28
22 54 34 13
20 33 52 38 1
62 5 44 25
26 49 5 32 55 56 30
29 37 53
15 42 61 18
23
44 55 63 43 49 37 18
11 13 67
34 48 63 23 10 38
64
40 11 15
45 22 5 39 16
52
1 47 9
64 50 26 67 6 10
1 32 7 39 49
12
30 26 20 7
41 62 12 67 46 40 43
54 56 48 67 32 47 5
43 23 22 49 61
51
41 30 47
53
51 48 5 67 43
66 35 58 2 24
19 55 34 40 45 10
66 8 5 1 59 26 58
22 1 24 65
21
67 13
15 48
34
57 52 25
24 2 66 36
7 40 17 15 16 8 52
25 51 42 62
58
13
5 15 55
21 56 66 60 30
59 15 16 54 32 29 2
30 56 55 39 4 49
61 6 53 16 27
20 1
26 66 30 55
38 2
52 5 12
24 17 59
47 63
67 62 40 61 43 26 27
62
46 20 43 25 24
12
54 13 64 15 42
31 33 48 10
64 10 40 37 20
29 62 15 37
59
43 51 6 16
17 58 60 29 4 7
40
93 16
21 93 53 66 67 29 84
29 91 57 49 17
86 33 18 11 64 88 2 23 35
62 64 30 84
93 12
51
73 79 66 28 13 61 82 59
70 51 16 85 61 80 77 7
3 69
30 3 70 40 79 48 53 63
36 33 53
93 41 11 77 15
90 4 27 74 80 87 81
89
82 24 56 63 42 15
11 40
43 73
26 2 10
21
16
7 5 26 16
25 31 15 10 1
8
24 18 28
17 18
12
33 6 42 26 5
10 3 36 18 37
40
19 40 1 26 20
35 38
10
12 42 27 17
1 35 36 42
39
36 5 29 37
20 12 33 29
28
28 19
28 35 39 18 5
11
42 9 39 29
24 26 13 17
32 20
1 5 36 28 8
38 6
15
34 32 7 38 17
37 17 29 14
1
21 9 6 2
41 2 24
21 23 1 15
4 29 18
18 24 12
5 40 41 25
7
33 19 39
9 28
24 17
4 17 5 32
25 6
42 21 12 3
17
43 41 28 23
8 4
20
32
28 5 14 31
10 11
34 16 12
29 24 19
40 1 13
29 2 16 38
12
21 16 22 9
18 14 31 30 15
2 41 6 13 14
36 24 39
24 9 26 1
33
11 36 28 31
41
43 15 2 22
9 11 29 6
34
33 26
21 7 14 29 24
30 5
41
101 29
9 74 21
100 36 95 66
66 89 28 35 34 17 21 67 49 68
45 73 15
81 48 23
97 51 100
71 3 67 5 97 32 69
86 96 85 78 82 71 43
38 71 73
51 100 55 98 89 45 93 38
61
12
79 7 90 46 34 40 95 23 50 75
93 2 97 28 40 37 78 4 58 41
1 32 95 77 58 68 54 16 45 27
56
10 28 19 99 78 93
35 60 52 62 65 89 38 68 45 78
11 76 18
99 85 6 13 95 84
57 93 43 41 90
32 46
57 63
87 16 84 54 60 26 78 37
61 56 99 45 77 38 59 53 81 50 96
5 80 18
99 41
43 26 94 25 45 18 17 88
16 48 75 80 92 35
103 70
1 75 29
75 79
99 25 31 24 39
4 92 91 3 1 5 63 82 80 89
28 83 35 71 1 26 16 13 17 12
12 36 25 56 94 18 59 82
81 102 30
62 50 80 58 74 85 55 18 65 6 88
31 21 97 47 32 71 78
12 30 77 29 5 55 54 86 74
84 32 70 80 6 40 61 58 42 85 62
12 82 16
30 3 53 13 14 102 89 63
61 33 6
53 6 82 19
4 58 62 84 32 1 65 94 43
92 79 91 19 101 60 51 12 59 57
102 14 23 4 64 75 9 62 10 65
71 65 16 91 27 26 31
15 26 27 53
87 103 54
56 64 60 89 87 83 69
8 27 5 17 9 92 4 73
95
30 42
64 87 102 13 6 2 12 60
88 20 59 73 23 58 39 18 65
22 101 10 1 103 33 12 35 62
7 22 36 25 54 62
66 38 25 70 77
39 17 77 97 54 38 99 75 35 5 1
4 53 67 39 12 36
53 92 89 4 50
89 4 75 55
74 10 96 47 24 46 1 19
55 23 57 6
7 92 2 38 45
7 33 51 10 102
15 22 52 89 101 42 16 11 88
76 5 77 30
99 3 84 62 29 93
66 34 25 93 86 75 19
52
22 103 39 41
49 45 9 42 85 91
101 93 25
19 14 39 1 67 63 93 49
9 49 3 62
23 100 25 63 71 94 79 32 93
39 14 98 28 38 73 66 71 8
34 91 76 82 42 84 47
62 33 86 59 77 66 46
90 41 15 79 18 53 9
81 66 2 63
29 26 86 36 19 84
19 47 38 81 99 20 56 73
101
91 38 71 87
20 12 4 17 98 25 80 47
22 30 6 40 83 59
37 56 72 76 8 41 78 25
65 62 64 68 54 83 80 78 17 94
96 37 72 14 66 98 74 13 77 29 89
84 77 2
35
32 28 61 10 8 45 84 7
58 23 31 76 15
65 49 50 59 19 62 52
67 81 47 41 82 74 75
2 102 55 31 26 99 11 32
67 71
47 18 58 52
39 55 37 18 62 66
17 42 39
5 41 13 18 16 65
15 61 7 12 28 21
13 67 9 4 2
59 56 52 10 67 50 39
24 28
45 1
63 34 44
48 37 2 9 15 39 67
39 8 47 57 6
45 57 15 44 39 3
12
27 7 48
19
50 14
37 33
1 4
44 59
41 48 49
42 38 43
27 45
55 25 4 61 5
12
10 43
46 8 63
28 14 39 37 57
34 38
9 25 32 44 1 27
56 51 24
5 51 11 22 10
66 5 60 11 67 37
38 6 31 50 40
39 48
21 24 60 64 61 48
34 46 1 56 39 43 41
47 50 64 46 20 38
25 18 16 14
4 11 27 41
36 37 44 16 33 11
50 44 21 20 40 7 16
21 12 42
45 16 26 10 47 60
57 36
58
57
36 40 44 47
38 46 60
18
22 40
33 31 44 27
2 36 60 11 66 64 56
58 23
30 16 32 2 53 10
59 44 9 31 34 62 13
38 40
39 8 19
23 18 45 24 62
62 64 11 45
13 4 22
47 48 52
42 64
12 53 3
61 22 48 33 56 43 7
54 38
67
33 44 27 45 47 65 66
45 67 56 19 64
47 49 34 46
5 27 42 60 19 48
30 15
28 18 15
16 22 12
3
5 8
14
5 13
27 24 30
28 27
14
19 11 15
8
16 20 9
1
1
11
43 79
30 37 5 6
19
43 5
28 27
43 20 39 33
33 35 8 24
10 43 40
36 4 7
25 35
31 39
7 30 27 17
10
5
40 30 15
13 14 10
23 1 27
28
3 43 4
12 26 25 42
11 17 40
26
13 38 37 34 9
38 22
25 36
43 33
21 35 27 16
38 41 37
22 4 1
4
7 8
35 41
6 27
12 8 9
7 41 11
25 37
37 23 33 31
3 26 34 12 29
11
11 2 25 14
9 38 11 16 3
15 36 39
17 32 10
41 32
35
42 4
41 14 36 43 7
13 41
7 8
2 28 39 37
13 2 4
3 7 19
7 2 6 41
40
10 32 30
41 42
14
13 38 42 32 25
12 29 20
7
6 17 13
18 10
15
39
30 25 32
15 37
12 41 11
30
20 33 13
40 19 18 2
22 6 10 24
24 30
39
17
19 24 13
27 11 2 29 40
40 29 42
18 17 2 11
23
2 38
76 6
63 15 70 29
3 9 33
76 16 21 18
21 50 47 76
6 14 10 68 56 20
19
91 34
29 8 12 88 45 15
23 50 78 21 56 91 83 60
28 13 54
91
68 75
41 31 6 3
28 32 46 39 82 90 53 31
12 71 5 67 70 87 90 62
11 78 40 10 60 70 85 56
78 61 39 25 88 70 34 35
32 51 53
25 87
54 65 32 52 90 71 62 76
72 7
28 62 32 68 70 1
11 34 80 88 29 39 12 7 63
80
72 20 77
90 10 71 44
30 71 48 24 10 42 3 65
67 61 21 63
22 75 58 84 81 46 71 24 28
56 80
36 59 72
51 15 32
24 74 40 88
69 58
41 18 19 78 76 11 67 84 44
21 63 18 9 91 53 31 71 37 44
69 81 18 51 83 68 28 24 34
64 15 43
90 16 79 82 59
11 30 59 74 83
67 63 20 73 19 51 26 90
94 23
35 74 3 38 30
28 84 2 27 8 9 73 88 92 61
14 29 8 84 91 44 19 54 51
4 17 29 33 80
57 13 18 47 2 45
35
9 54 77 82 21 70
75 9 42
78
57 60 15 86 76 69
87 58 13
75 59 58 25
92 10 3 52 18 16 4 19 43
27 16 81 36 76 69 1 22
8 90 16 94 53 28
60 18 87
12 16 25 40 93 42 82 28 60
12 18 71 24 53 78
53 5 83
26 4 85 11 57 46
74 64 85 17 80 16 83
57
38 49 31 75 66 33 30
69 89
52
48 60 10
12 4 48 1 56 53
3 60 1 58 66
40 39
47 12 61 52
2 43 40 54
58 15 49 48 26 23 27
23 13 21 67 55 11 38
7 25 54 16 61
27 24 14 31
56 41 49
30 34 46
31
5 27 22 17 47 59 43
67 17 6
1 22 54
19
56
4 13 61
39 21 57
29 18 53 33 15 45
33 5 63
3 50 37 65
29 49 64
28 50
2 63 30 24
51
57 50 39 11 53 25
44 57 60 8 19 33
26 28 49 48 43 44
63
47 56 13 41 29 34
56 54 32 67 9 27 53
54 14 60 3 47 18
5 66 25 23 39 68 33
45 59 5
59 10
45 34 52 42 10
25 63 39
37 56
36 60 69 31
9 40 52 12 32 28
7
31 56
6 21 46 48 33 26 43
20 52 42 56 38 45
69 15 63 53 23 4 6
35 33 7 12
37 68
42 59 69 60 22 25
10
27 22 1 65 37
35 51 66 58
69
39 5 67 16 57 55 52
38 64 44 37 26 65
30 45 7 56 38 47 22
51
27 47 55
18 20 40 62
55 49
8
10
48 46 67 15 9
30 55 54
3 46 53 4 69 2 29
59 48 40
35 65 2
3 46 17 15
63 13 10 42 39 67 34
69 11 10 53
9 25 13 14 61 48
26
47 33 16 24 50
19 14 13
26 23 37
56 44 22
24 45 21 32 40 34 11
65 29 30
42 7 65 57 1 45 58
29 1
25 63
47 50 68 39 17 23
9 25 42 36 49 8
9 68 37 55 63 64 56
23
8
62 32 57 17 49 8 15
98 16
42 56 70
49
62 34 49 67 24 35 52 88 42
92 97 16 98 72 62
29 39 78 4
41 32 45 52 57
56 4 15 45 53 37
87 88 14 23 31 24 71
39 26 13 57 61 42 95 41 45
37 32 44 45 89 50 56 48 64 3
57
45 46 84 67 33 9 93 72
21
60 81 12 77 11 16 15 10 59
71 8 79 73 10 37
54 38 84 76 70
45 57
18 35
23
14 11
32 43 20
24 38 8
3 35 1
4 22 14
43
8 25
15 44
11 9 12
29 19 15 33
44 11 6 45 9
8
13 29 3 21
13 28 20 30
25
21 40
18 23 20 37
7 36 24 42
24
6
39 25 28 3
16 23 34 42 14
21 33 19 22 24
44 6 35 36
32 34
28
35 32 4 27
35 9 42 31
30 27
29 9 26 30
7 29
41 26
35 21 1 17 12
11 22 23 4
32 45
17
44 6 19
21 44 43
10
41
7 21 30 41
37
15 34
44 11 40 17
1 31 21 26 36
44 25 1
22 13 14 32 8
38
44 40 39 36
15 24 11
41 12
38 13 35 20 26
43 5 7 39 26
14 19
22 12 31 20
87 35
57 38
18 21 1 35 65 60 81 30 22
26 64
3 46 29 56 9 16
59 61 39 36 51 52 79
22 29 54 31 41 46 57
18 51
39 66 65 15
60 52 49
61 64 6
38 36 59
1 50 48 14 70 6 44 24
13 33 68 63 64 19
42 25 54 14
15 33 50 78 31 65 20 66
4 66 78 52
60 49 27 75 13 32 72 86
83 32 22 20 77 27 9 4
50 74 3 27 6 60
10 31 45 53 14 9
33 76
64 1
54
77 78 3 9 67 21 18
80 59 49 74 86 54 47 45
69 2 12 82 26 19
35 74 69 29 41 50 18 31
27 10 64 36 72
7 33 35 84 79
41 38 54 34 50 36 67 59
14 46 7
86 48 52 29
70
67 18 15
17 39
59 67
42 7
53 33
50 12 39 13 4 35
48 14 38 5
5
3 5
22 36 11 10 29 37
46 19
4 16 1
19
19 26 22 55 14
34 22 42 45
50 40 10 30 23
27 43 49 17 56 6
56 15 43
33 9 5 27
11 52 26 38
43 18
17 12 51
42 38
31
5 36 27 51 10 47
22 52 1
36 11 49 3 8 27
54 48
11 4 39 31 45
39 20 48
50 52 51 59 44 19
36 24 22
38 11
45 41
39 33 23 54
6 25 31 8
54 59 44 56 35
40 54 16 22 37
59 51 49 45
23 28 5 49
44 59 50
30
57
2 41 12
21 58 37 15 14 56
55 28 39 46
28 23
1 31 37 22 20
17 32 10 19
37 20 15
22 35 46 3 53
59
3 31 16 49
44 16 34 46 15 10
50
38 59 48
40 13
28 34 59
36 52
39 29 28
45
5 33 36
17 27 57 30 36
1 14 55 48 29 36
53
38
22 15 53 51 57 23
12 40
44 20
5 46 56 34 27 52
